1 0.350000 0.150000 0.080000 0.080000
5 0.450000 0.150000 0.080000 0.080000
5 0.850000 0.150000 0.080000 0.080000
3 0.150000 0.250000 0.080000 0.080000
3 0.250000 0.250000 0.080000 0.080000
0 0.750000 0.250000 0.080000 0.080000
3 0.850000 0.250000 0.080000 0.080000
4 0.250000 0.350000 0.080000 0.080000
3 0.450000 0.350000 0.080000 0.080000
3 0.750000 0.350000 0.080000 0.080000
3 0.350000 0.450000 0.080000 0.080000
6 0.450000 0.450000 0.080000 0.080000
3 0.550000 0.450000 0.080000 0.080000
9 0.150000 0.550000 0.080000 0.080000
9 0.650000 0.550000 0.080000 0.080000
9 0.450000 0.650000 0.080000 0.080000
9 0.750000 0.650000 0.080000 0.080000
9 0.850000 0.650000 0.080000 0.080000
9 0.250000 0.750000 0.080000 0.080000
2 0.350000 0.750000 0.080000 0.080000
7 0.850000 0.750000 0.080000 0.080000
11 0.150000 0.850000 0.080000 0.080000
6 0.350000 0.850000 0.080000 0.080000
10 0.550000 0.850000 0.080000 0.080000
11 0.650000 0.850000 0.080000 0.080000