7 0.312500 0.062500 0.125000 0.125000
6 0.437500 0.062500 0.125000 0.125000
8 0.937500 0.062500 0.125000 0.125000
11 0.062500 0.187500 0.125000 0.125000
11 0.187500 0.187500 0.125000 0.125000
9 0.562500 0.187500 0.125000 0.125000
5 0.437500 0.562500 0.125000 0.125000
5 0.562500 0.687500 0.125000 0.125000
5 0.812500 0.687500 0.125000 0.125000
5 0.937500 0.687500 0.125000 0.125000
2 0.062500 0.812500 0.125000 0.125000
1 0.312500 0.812500 0.125000 0.125000
0 0.437500 0.812500 0.125000 0.125000
2 0.687500 0.812500 0.125000 0.125000